Training accuracy = [0.39106146, 0.47346368, 0.51955307, 0.52793294, 0.57122904, 0.5265363, 0.54469275, 0.5405028, 0.5642458, 0.5502793, 0.58938545, 0.58798885, 0.54888266, 0.5865922, 0.56703913, 0.5642458, 0.5796089, 0.5642458, 0.57681566, 0.57681566]
----------------------
Training loss = [96.65555775232156, 10.196940477999895, 2.239463561074028, 2.0109361110452832, 1.5276458679630769, 1.682244848272654, 1.3255196273659862, 1.3391179848649648, 1.405492614767405, 1.314421897826914, 1.1726795404982966, 1.1600080290653185, 1.17645574548391, 1.047460270827043, 1.3250603844000641, 1.114833627999162, 1.5724945194894375, 1.3485814719226774, 1.2122420232389226, 1.102461777252858]
----------------------
Validation accuracy = [0.21666667, 0.4888889, 0.4888889, 0.4888889, 0.4888889, 0.47777778, 0.4888889, 0.4888889, 0.4888889, 0.4888889, 0.4888889, 0.4888889, 0.4888889, 0.4888889, 0.4888889, 0.4888889, 0.4888889, 0.4888889, 0.4888889, 0.4888889]
----------------------
Validation loss = [16.900632476806642, 2.656312706735399, 2.1771991352240243, 2.966767178641425, 1.3175177388721042, 1.4440792719523112, 1.3401802248424954, 1.4309990882873536, 1.4219587220085992, 1.2519916269514295, 1.4199242962731256, 1.4206449773576524, 1.4063583188586766, 1.6330887926949396, 1.2434863381915622, 3.758751490381029, 1.3159015787972344, 1.4229512532552084, 5.01272013982137, 8.721102751625908]
----------------------
----------------------

