Training accuracy = [0.3198324, 0.46927375, 0.5, 0.49022347, 0.53072625, 0.5265363, 0.5377095, 0.53072625, 0.5363129, 0.5293296, 0.52793294, 0.49301675, 0.5027933, 0.51256984, 0.5432961, 0.53910613, 0.5349162, 0.5432961, 0.53351957, 0.52793294]
----------------------
Training loss = [86.93124389781632, 3.2647243345249963, 2.0870420473247933, 1.8335549438465908, 1.5869339877666708, 1.4511166824308854, 1.4053691911963777, 1.3891175805523408, 1.3607213810169496, 1.3423957365185188, 1.3987361888645748, 1.7001206135616622, 1.4173127279601283, 1.9306450043310666, 1.4644104102470354, 1.2614725834830514, 1.325208107852403, 1.2588129353256865, 1.2757485292477315, 1.2810092605026075]
----------------------
Validation accuracy = [0.4888889, 0.4888889, 0.4888889, 0.4888889, 0.4888889, 0.4888889, 0.4888889, 0.4722222, 0.4888889, 0.4888889, 0.4888889, 0.4888889, 0.4888889, 0.4888889, 0.4888889, 0.4888889, 0.4888889, 0.4888889, 0.4888889, 0.4888889]
----------------------
Validation loss = [211.67345411512588, 6.00516676902771, 1.4821341858969794, 1.4158433172437879, 1.3893581946690878, 1.3858642631106906, 1.3860829485787285, 3.7351122657457987, 1.387690658039517, 1.3888725572162204, 1.3897490196757847, 1.388805365562439, 1.3874932607014974, 1.3876379039552478, 1.3897537390391033, 1.3915169186062284, 1.3915861235724556, 1.392347150378757, 1.3930391179190742, 1.3931062195036146]
----------------------
----------------------

