Training accuracy = [0.38128492, 0.4162011, 0.5209497, 0.51955307, 0.5684357, 0.57821226, 0.599162, 0.6075419, 0.6187151, 0.60614526, 0.62150836, 0.6298883, 0.6592179, 0.6480447, 0.64944136, 0.6592179, 0.6773743, 0.67318434, 0.6662011, 0.68296087]
----------------------
Training loss = [38.21715425912228, 5.539977655480694, 2.340624403687163, 1.7086941456661544, 1.6342819689372399, 1.494831197754631, 1.4823507416847699, 1.320355990079528, 1.267670908786731, 1.2374035016784455, 1.1776873892246011, 1.206584573458027, 1.0727667262434293, 1.0592371035554555, 1.2096733027996298, 1.0703170902236214, 0.8949322270114994, 0.9128807008932422, 1.0276941450614503, 0.924015509849154]
----------------------
Validation accuracy = [0.45, 0.37222221, 0.37222221, 0.46666667, 0.49444443, 0.11666667, 0.45, 0.4888889, 0.48333332, 0.4611111, 0.40555555, 0.48333332, 0.47777778, 0.40555555, 0.4888889, 0.4888889, 0.4888889, 0.3611111, 0.4888889, 0.4888889]
----------------------
Validation loss = [36.34839231703017, 6.787815422481961, 3.8373464319441055, 1.9925057331720988, 4.298852841059367, 10.187343830532498, 1.993046564526028, 2.016442616780599, 2.5167385313245987, 1.9917362292607625, 2.490370676252577, 2.192084876696269, 2.041641852590773, 1.9980128076341417, 1.409109738137987, 2.213161137368944, 10.448178646299574, 2.3314254522323608, 1.4211303499009875, 1.9511836263868543]
----------------------
----------------------

