Training accuracy = [0.47206703, 0.5977654, 0.6522346, 0.6885475, 0.6927374, 0.73044693, 0.74581003, 0.7709497, 0.74441344, 0.7849162, 0.8324022, 0.8365922, 0.8449721, 0.8603352, 0.82821226, 0.8840782, 0.8798883, 0.8687151, 0.8868715, 0.8798883]
----------------------
Training loss = [47.255383595408006, 11.520811980417552, 7.858244291439069, 4.743463346125495, 3.5473016861620668, 2.832006389618586, 2.8812881927500222, 2.423575146442344, 1.8126549429296615, 1.459556405645842, 0.9800038353220756, 0.8945577251607834, 1.0459681391752251, 0.7625317498625324, 0.9332609130313501, 0.6458768443877251, 0.7288396355660675, 0.7241182869338293, 0.6808335655639579, 0.8408126545925761]
----------------------
Validation accuracy = [0.70555556, 0.76666665, 0.71666664, 0.7777778, 0.70555556, 0.7, 0.74444443, 0.65, 0.68333334, 0.79444444, 0.7777778, 0.70555556, 0.76666665, 0.7777778, 0.78333336, 0.8055556, 0.78333336, 0.7777778, 0.78333336, 0.74444443]
----------------------
Validation loss = [6.5098848319715925, 2.89057213089712, 3.258788103527493, 2.03552117365794, 2.214447305694274, 2.6457266826803485, 3.0515137527183267, 3.021326241393884, 1.6226212119062742, 1.5358360462718539, 1.9420673251152039, 2.3047586427794564, 1.9307366085342235, 2.053291820668124, 1.5470055235135887, 1.83702476624684, 2.0054235962892157, 1.9701842243472305, 2.18974839217133, 2.6315381533825226]
----------------------
----------------------

