Training accuracy = [0.4329609, 0.5865922, 0.6382682, 0.70111734, 0.7583799, 0.7681564, 0.825419, 0.8142458, 0.81703913, 0.8477654, 0.85055864, 0.8435754, 0.877095, 0.9064246, 0.877095, 0.8924581, 0.91201115, 0.91201115, 0.90782124, 0.9343575, 0.92597765, 0.9315643, 0.9343575, 0.93994415, 0.9189944, 0.93296087, 0.9301676, 0.94413406, 0.93994415, 0.9539106]
----------------------
Training loss = [79.69249848946512, 26.332623289950067, 17.86214487779074, 12.900907540454545, 9.056801605491, 6.888516466125492, 5.361624053101883, 5.946098559564981, 4.9830407617853005, 4.191625383903022, 4.284679561181334, 3.4009847395127255, 2.496399989157974, 1.3538912978288233, 2.1009524256516072, 2.010588216753553, 1.4451043358808928, 1.5204168362092811, 1.8337216212367973, 1.435996615971947, 1.0695291597103604, 1.2769969998553279, 0.9669177867216343, 0.6772618581288973, 0.942324094998536, 0.7837483450384143, 0.7053283842910913, 0.9055494884433107, 0.5488837607818581, 0.4183892058438872]
----------------------
Validation accuracy = [0.65, 0.71666664, 0.73333335, 0.7722222, 0.7722222, 0.75555557, 0.8055556, 0.76111114, 0.8, 0.8111111, 0.73888886, 0.78333336, 0.8277778, 0.81666666, 0.8277778, 0.8111111, 0.81666666, 0.8055556, 0.8277778, 0.7888889, 0.79444444, 0.8277778, 0.8055556, 0.79444444, 0.81666666, 0.81666666, 0.8, 0.8, 0.78333336, 0.8111111]
----------------------
Validation loss = [13.098866854773627, 5.067069016562568, 5.122544096413508, 5.0022234691513905, 4.460158795449469, 2.927743903795878, 2.3424521260791353, 2.831598382525974, 2.0979800071813064, 3.6268368760072107, 3.5989243533876207, 2.3247107836935257, 1.8416630414625008, 2.5444128912356163, 1.8496476039290428, 3.0047536969184874, 2.8087203985287084, 3.7526708841323853, 3.6974788669910694, 3.862069486445883, 2.8448853492736816, 3.1863635036680433, 2.7611328452825545, 3.6608723384638626, 2.833731903673874, 4.49609351323659, 2.9318617767757837, 2.689872584078047, 2.8791823155349725, 3.4298848840925427]
----------------------
----------------------

